1.16
2.16
3.36
4.81
5.9
6.0
7.1
8.0
9.0
10.6
11.0
12.0
13.2
14.4
15.234
16.0
17.252
18.12
19.0
20.1
21.25
22.11
23.4
24.2
25.7
26.64
27.2
28.56
29.69
30.10
31.0
32.64
33.0
34.9
35.14
36.8
37.0
38.0
39.43
40.1
41.16
42.0
43.69
44.1
45.41
46.0
47.81
48.1
49.16
50.16
51.3
52.6
53.37
54.1
55.1
56.0
57.1
58.5
59.1
60.96
61.1
62.18
63.0
64.63
65.5
66.0
67.8
68.10
69.0
70.0
71.1
72.0
73.9
74.12
75.2
76.0
77.5
78.10
79.5
80.4
81.126
82.1
83.6
84.1
85.1
86.0
87.0
88.84
89.16
90.0
91.9
92.1
93.29
94.14
95.1
96.2
97.4
98.6
99.1
100.6
